-3864
-9311
-2347
3992
-5782
1108
-8492
-175
-4324
-896
-4229
3774
-8800
1737
-6539
4589
8007
-8610213
-29
-4512
-8711
7452
6427
-118
9145
-3493
-7376
-7348
-255
1303
-8152
3169
7282
7046
-392
-1813
1411
3681
2302
4710
7413
-8296
8219
2608
-4647
1654
-6338
-482
1310
2421
-3909
2974
-9207
1188
-8971
7169
-6829
-5758
-758
9239
-2539
-757
963
-9059
-8674
6848
-9849
3943
-7285
-6728
9483
3854
-2862
-4926
7342
9692
5621
-9020
1574
-1480
9194
-2336
7520
-5898
7106
234
937
4411
-3573
-9009
4572
5193
1351
-4983
-5065
7402
5803
-4184
6583
-5123
-456
-7604
-1772
-7869
-5396
-13
1981
-4007
4422
2885
-54
4298
-5975
-3252
-3132
-4276
3367
3842
-8236
8372
-7055
4270
-7502
-703
7985
-5357
-2652
7750
5532
-2727
-9125
-2222
7189
5752
839
2109
5968
-2146
-740
-1553
9457
3047
8344
-7708
6455
-6423
-3706
534
3994
529
-3154
-5862
5135
8845
-7779
-8533
-3947
6332
4528
-5153
-7087
2842
-4060
-3812
-5074
-759
-2622
8695
888
-5639
-8316
-4539
5641
6645
-7922
-3857
3783
6158
-7211
-9922
-3140
-2377
-6442
7877
-5136
2177
-2029
-1672
2093
9827
3292
-9591
6270
7499
-2088
9134
-3262
1144
489
6420
-6204
2147
5205
6681
1176
8801
-358
2482
8795
-9153
7274
8969
-9568
5547
6332
9725
-9709
-5288
-2974
6223
-5601
7336
-1241
2797
6817
9485
9356
-5031
-8879
-3530
-7528
706
8374
8943
-4995
-6154
5595
-8936
-9278
-7444
693
8010
-8599
8233
-4915
9478
5829
5339
-2657
8817
-8120
9542
-5367
4653
-839
3205
-4017
186
-7411
2511
805
3871
-8035
3798
-5520
-1588
-2155
5699
3038
-7533
6815
7318
1256
4136
-3487
9964
4776
-4468
-4201
-6883
-6483
2248
-1949
-5284
-1117
2147
9390
2209
-917
-7374
8863
-1385
-1142
-9215
-7390
-6002
-1108
6370
-754
-2801
-4176
9598
-8585
8393
6342
-8252
-8066
-7695
-3188
-2006
5028
8019
-8516
991
1788
7311
-3580
3102
3851
-8284
7210
4034
7155
-7321
98
7265
-9250
8162
4698
214
9085
-3999
-6011
-3550
-6872
-4632
-2563
-3300
-9407
2225
6630
-499
-7488
-5588
-2367
-7825
3685
2400
9362
1882
-1454
1210
-7041
-4264
-3355
3408
-545
9078
-2171
2312
7694
7001
6751
-722
3928
4708
-8301
-47
-3547
2907
2773
-6841
309
7461
5859
494
2866
4344
2347
-4083
2834
-6171
5973
1913
-5919
6194
5793
245
-2280
4219
-4107
3462
3198
-2069
-3680
1657
-3507
1914
1139
-6525
1872
553
6694
-1316
-8619
9154
-388
-7441
-5518
-3967
-9068
-3358
4558
-5793
-9147
-805
-8060
-6853
-6502
8707
-3405
-728
2957
2471
1640
1381
9789
-1176
-591
9519
-8554
-6839
7491
-6671
-7305
7577
861
-4765
4747
-8214
-9499
2922
2971
4306
-3055
1919
4474
8058
-1408
-4253
9039
3283
-4817
1912
7887
2704
159
4427
-13
-5386
8338
2754
3098
3224
7360
-5209
-7483
149
6401
-6589
-3652
-4294
8920
-4053
3928
9089
4117
5761
1873
7394
-9638
-3367
-2313
6656
-9663
-7015
-8393
3026
-2115
-491
-864
-7473
4334
-6222
2871
7509
5728
1576
88
1998
3962
-6533
9278
-5056
-5551
-925
-6957
-4358
-1339
7375
86
6011
-2467
118
-4861
-2735
9291
-9258
-9182
333
-8034
-4122
9291
-5211
5055
7462
-6725
4708
-8655
-7272
-2917
-767
-4344
-6436
-1816
2669
8083
2263
4713
3872
-5948
4062
-9227
-8611
3588
655
-6929
9474
2688
-9097
-6174
346
-3005
1889
-3320
-6702
4132
2704
914
417
-6253
1319
5910
-937
9403
-690
-3590
-3966
-5591
8481
-4272
7830
5206
5120
6967
-2949
-772
397
5774
-5995
-1745
2278
-6960
-6491
5365
6689
4118
1670
-5366
-7712
9405
-574
-529
4260
-3616
8452
-2549
78
4607
-5763
-5714
-8792
-3165
-8001
-9630
9545
-5148
7136
-5690
-6519
-9873
5123
2011
3881
-7173
1043
2949
583
1498
2093
5816
-2898
7593
-8081
1569
2056
7843
4587
9492
5712
1026
-5015
-1071
-953
1991
-7166
-2963
1105
4243
-2627
7811
5069
4901
805
-863
2503
1556
-5820
3666
-4031
1827
-9957
-3320
6714
3003
6718
-1142
-7361
4669
5750
5182
9333
-5220
3242
2274
2251
5500
-985
-7768
-6620
-8415
9272
-4491
1018
-9131
4395
-9157
6601
7086
-8467
9431
-4328
1085
4150
5363
7241
560
1519
2196
7222
-9467
-5810
8620
-6275
-6829
-1901
-6513
-2604
2967
-4549
3155
-335
989
-4762
2196
-3881
-5520
-7904
2442
375
-2269
-2364
-2721
-7325
6976
5845
9814
1394
-5247
5343
-7857
-473
-7780
-3936
9000
-6342
-5117
8280
-6603
-5523
-4879
378
-1332
-4879
-3590
2883
1353
394
3499
4812
464
1022
-6879
4436
6586
-2609
-8783
-9874
-592
-9387
8741
-9307
2576
5823
-3691
-158
-7948
-6872
-6705
4155
-1154
-6284
-1230
659
-7458
-571
5033
-815
-699
-117
-1355
-6693
593
-9597
-6163
3212
8482
-920
-9264
-1019
1266
4069
-94
-8053
517
-2136
2131
5478
9460
-5004
3355
9937
8949
4861
5060
8729
5587
7688
-5986
-8848
2161
8106
-5866
-7932
-1614
-7581
731
9031
-5428
6697
-1336
8082
-8349
-7919
-2708
-8323
3529
4684
-6153
-7036
-4353
1837
-952
9961
2638
-2575
-8475
-5505
2240
-8034
7462
-3293
-4490
5631
9717
3229
-3741
8898
4158
-7412
7841
-5104
-5930
6111
4188
-4738
-3193
3009
4540
1589
-2498
207
3894
2211
-8802
-3561
2009
-4785
5417
-7337
-4476
-4484
9403
5589
-9587
2472
6903
-8274
-7484
3227
-568
9571
5418
-9611
-4023
7025
6811
-4348
3490
-8826
-9193
-3019
3221
9017
-9573
-6198
-3820
5040
9726
-1077
-3676
-5302
5587
9299
353
7618
9888
1139
1280
3006
8552
-9493
-8235
4001
5006
5258
5400
6117
-6088
-1813
-1936
-9695
-6225
7293
-4935
8013
-568
9158
-4930
-2504
-8497
2629
-867
4179
-1971
7733
9730
3144
229
4986
-9276
-8750
2297
1937
8930
-4426
1104
1968
-9320
-4491
9384
-6557
1837
2621
-3635
-673
-1923
5943
7180
-1869
6540
7200
-9209
-8890
-9569
-4929
-9140
-6531
-2105
9218
7318
-8567
-9514
-5968
-4562
2314
5491
-7679
-4513
-8119
3731
8989
8481
-7812
-117
-890
-5242
-1268
-3189
2063
-9604
3019
8974
9085
1650
-4716
8370
7003
2129
816
5908
5886
-6992
-5869
-4306
1436
-4299
-2233
4064
-6383
8743
-9147
1326
-8525
1995
-2575
3801
6007
147
-1351
7050
5174
8384
3508
7146
386
-1719
-9451
-4217
3444
4053
6884
9536
-5559
-7500
1492
4922
1160
9432
-7653
-8893
6849
-2995
-1412
-7584
-1123
-3363
5568
4463
8970
-2646
-5857
3337
2979
-4289
-3038
9348
-1022
7618
7149
-6617
-1385
-8949
-6459
6744
3467
-8559
-1928
-2717
-8535
-3195
-3065
4543
1711
-9267
-4666
-8574
-4823
-3025
9637
-792
1635
-6466
-5001
-5971
-4657
7046
-299
-374
6357
-6903
-1197
-1835
1456
3858
-6976
3694
-7282
1838
6185
-1168
9037
-3737
-3336
-68
6176
2357
5317
7347
5111
8670
9326
5550
5443
1537
6879
-6859
-1607
2149
1081
-3755
-150
-3523
-218
7130
90
1374
8224
-4917
-5246
-121
3086
2020
-8975
429
-2738
-1396
-1440
3588
-7483
2382
1313
4034
8812
7783
-9044
1359
-4008
2592
-28
360
-9977
-3884
9399
-7763
-4651
41
-8848
7540
4596
2710
8828
-8532
2285
-7384
-3380
3721
6435
5456
5801
-9850
-1776
1750
-887
-3139
-4772
-903
9051
7579
-4500
1365
-8981
-6759
6209
355
-9765
7619
-3903
-2577
-7295
-6610
6818
77
-3419
8226
8427
-9613
-405
9859
7229
5530
6015
-7187
3244
-833
-8800
-7127
-1769
4422
1544
1629
-345
7065
272
-2429
47
8259
2740
-2569
-6486
2023
7674
3832
-8676
-9799
818
7893
3118
537
-1311
2725
8588
-3103
8443
-5108
9831
-5402
-8565
9617
7104
9563
8903
-8792
2838
2999
-2616
-7786
-7272
-5690
4589
7926
9085
2227
654
-3328
-9087
-2580
-3181
-2269
-5950
-1308
5652
-8829
1673
-9088
-5129
-6392
-6147
7921
-3506
6816
6931
-3009
-6709
9648
-1561
-877
4237
9586
7148
-9560
-2001
-1376
3232
-2628
-7649
7459
-6038
-4500
-6165
-8604
-1361
448
9440
2015
3424
8202
-4321
6225
-1116
7143
-3090
2362
-426
-7919
8313
-9925
-3550
6115
-6514
4802
2154
5242
4200
-5282
-6343
4564
9144
2974
-3445
1733
-6153
3913
3336
6751
528
-9786
1421
4959
-7645
-236
-6246
-5418
-1337
-7097
-5275
-1729
3010
-9491
-8998
3290
-4785
-4265
-5401
-7531
-1477
-2435
-3839
-37
4527
-4228
2487
-7188
1935
687
-266
8814
-8436
6872
2011
8613
9916
7147
-2624
-7143
4351
3638
-403
-2989
-6504
-5804
4437
-5342
-9392
-2465
-9614
-4703
6637
9673
-3702
-3402
-8097
1605
-3264
3205
-8069
-4509
-6840
-81
5637
6685
129
-6460
2857
-5567
7821
619
4367
-8857
-4565
5692
-2553
-5689
8619
3335
-293
-2505
-1785
-2198
-9110
8671
9490
-7906
5597
-2333
-3909
-3659
5630
-4046
9358
-4724
-6586
9648
-4360
9141
-2561
-9475
9427
7222
2392
-2738
-8839
1340
-4958
8299
9549
4671
9210
-3380
4967
1606
-8547
339
2222
-7436
2395
-1881
1836
-893
-6593
-7118
-5274
-4447
171
2610
-2495
-2879
-6544
5446
3849
-7572
6709
-8965
5124
6420
-4257
-7529
-2664
4101
6212
-4676
6392
-7856
-1216
7028
-1202
-7137
-1365
-9438
-2563
-2550
-2462
-4411
-5016
-9669
618
-1737
-7264
3538
2736
-6971
-6707
-6283
8827
6314
-8479
-6316
-3405
-881
-9766
-4284
-9507
-9812
9405
5152
-5871
-7457
-4364
714
7416
-5872
2918
-2613
-7918
9930
-8609
3801
7325
-7133
5478
-9733
-7736
-3084
-1024
-101
-5882
-6813
-415
-7377
7427
-2739
3255
6314
7178
-4727
-7161
-9139
6633
-720
-4614
2215
94
-8677
-8961
2733
8360
-323
2576
1283
-6030
276
-2142
2673
6775
-2422
3709
-3780
-4246
-2939
-2983
4408
4026
-7346
6827
1663
9834
49
8897
9628
-8400
-7107
-4642
-5745
8628
-7014
-6112
-4083
-3913
7
-4935
-1698
-2007
-995
6334
3169
2557
-8667
7434
-7164
-1703
5415
6152
-2044
7335
-1496
558
-6507
-4668
-8415
5331
-7861
-6951
-9620
-3807
4599
9122
5992
-553
6478
-4227
9301
2871
6502
9611
-1926
1697
-5381
7747
-6089
8804
7625
-4393
5715
-2387
-3631
7726
2534
7159
6796
-3038
5406
6143
-1265
-8065
5627
9553
78
-3605
-7341
5158
2802
-3451
3286
-9279
-7174
9699
-3321
-731
6063
3481
-6105
-1033
3613
6212
1623
-3954
5702
9061
-9466
-6825
9431
-9751
-8756
-2607
-6053
7872
-56
7712
-7937
-6982
5061
4310
442
6872
-5382
5415
2146
4250
-7041
3502
-6663
4443
4666
279
-1685
-3078
3945
9629
-8668
-4710
2416
-5194
2500
8597
-5799
-2908
-2852
1753
2617
9697
-6913
5562
4195
-5763
-401
6508
-4017
2376
-1788
-6040
-2936
4227
6987
-7580
-4004
-85
1862
-8556
3745
-3274
5356
-8541
-4315
-7262
7617
-8273
-9745
8526
-4681
-7414
1709
7488
-4760
1189
-4320
-9901
-2198
-6636
-9219
-8582
5003
-9018
-9300
-6284
6587
7997
159
-2861
-2696
8127
6040
-7801
-1578
-5126
1146
-9317
-7218
5608
9064
955
9201
-4171
3109
-7259
-4681
5287
-3159
63
-2748
-6836
8411
4697
-1414
5337
-8141
7273
1288
-5335
-8955
-8345
4237
4543
-2062
-954
-6831
-252
-4199
-6525
5791
-4388
8745
-4464
3835
-4644
-1909
6636
-7629
-8264
410
-7342
6585
-3067
6597
2949
2427
-4577
3518
-9524
5892
-916
-1133
-9456
9259
2092
7963
-6897
544
3344
5988
2426
-4136
-5724
-8771
9732
8109
9742
30
-2603
-9316
8353
5653
-6038
-8792
3084
-96
-8857
-204
-9777
8911
-1775
-8290
9628
6775
-6066
1426
-3039
-25
4153
-2762
-9792
-9461
-2084
8645
-623
-2452
-6794
-1551
-8132
7957
1447
5113
7874
-6848
-8364
-3702
5939
6551
-4365
9441
-7613
-9708
3674
-766
-2661
819
2353
4686
-2126
-4450
-8582
-4225
2075
2813
8094
1493
4958
8369
7317
1735
6560
-9689
-912
-9972
-5239
-756
2044
9968
-4628
-9813
9719
-6689
4127
4467
-9034
2672
-732
3487
9911
7904
433
5072
-8749
-1516
-4524
-7656
-4585
-3647
-7600
-9750
2553
-6270
3272
301
-3514
-5352
6267
-8262
6714
-7156
4915
-5386
5816
1202
-4948
1808
-7879
-1215
-5164
4355
9009
-2711
4626
-2959
9529
6799
-2812
9665
-7716
-9626
-2167
-8870
-4496
-4367
-4133
2521
7906
-9060
8416
-7318
-9516
6920
1966
-1933
4236
5319
7598
7409
-2470
5100
-2491
9462
-5615
-7185
-9800
-2574
6604
2936
2693
-2244
9024
7333
-5677
-3631
-2554
83
-2487
-5060
-6053
-5423
-1133
3216
-5191
4483
-646
-1627
-3540
-6825
3255
4941
1201
-2418
665
-897
7134
-7764
6746
-1282
-8673
-914
-1410
7021
-4664
4099
2915
8726
-1786
5150
-1334
-327
-596
2995
-5148
-2203
7833
-8305
9746
-954
7844
8787
-9930
6549
-7708
-719
4619
1396
-285
-5855
-140
4541
3063
-7250
4813
-1771
-7378
-4680
-4915
5257
8525
8204
1656
-9093
-3444
8248
-9175
-1299
-7963
8175
-7098
-6434
7217
2228
2505
-6635
3928
1559
-8169
9366
-4018
2857
-5843
4266
5024
2144
-5234
3711
-5553
2219
5961
-9023
4962
-1587
2959
3674
3636
5594
7465
-6667
74
-4708
756
5344
-3878
5750
1815
6971
5855
432
3224
-1078
-2024
9232
6684
-5434
1063
-9587
-3699
4157
-4379
-64
2575
-9155
1764
5201
5127
1052
8161
-5291
-8588
5428
-7311
6764
8625
-2104
3652
7800
-9247
-3341
4192
7019
-8444
4968
-2059
7184
7431
8625
-4414
-7914
6007
-8348
-8422
-6500
-7773
5344
3254
1960
-9929
5817
3150
9971
-3248
-8184
-5678
9727
8611
4726
4365
7098
5310
8012
-1956
187
155
354
3980
-9312
-9301
4997
5840
9463
8198
-3536
7481
2642
-8240
4329
4065
-359
-9788
-2496
-8594
1027
-2038
-1564
9183
5705
-8694
-4147
3630
-32
-9745
-5914
-712
602
539
-2089
-9831
-7416
-553
1488
-8890
7499
7700
3744
-5852
-5524
8870
2149
6803
-2046
2242
8027
3339
-8220
-4659
9897
7838
-5364
-94
6107
-1835
-8777
4744
-3475
8643
9507
-1592
6634
-2799
2189
4658
8330
-7232
7852
-5325
-7014
1244
5251
1688
6592
3651
4808
-4920
-9692
6184
-4738
2557
8253
9619
9617
2466
-459
-6465
-4805
9670
6116
2201
1832
9749
8180
-691
8903
4688
8270
-2815
4216
1390
-404
-7733
-4473
4567
-3693
-9079
9015
-2065
-133
-1515
-7473
6882
5174
9935
-6876
9399
-4693
-1832
688
-5425
-6284
1590
1861
-5420
-4897
-7352
7217
-299
368
4913
-1267
3868
2949
-8016
-726
-6169
-7448
2803
-3130
604
9890
4301
-6919
363
-183
562
-8055
-1765
6169
-9656
-304
-9856
-3271
-4159
-6726
-8161
-2661
-8507
-5656
8111
6743
8544
-7703
4789
-8578
4366
5954
484
-9940
1766
-2889
-8711
-7089
3709
3596
5081
-9531
-5187
2130
7527
5550
845
-7287
3063
9847
4821
1850
-9885
7306
9545
-5003
5490
-4437
6218
-2929
7031
6079
516
-9869
-9339
42
9107
3955
-6201
3834
1466
5564
-553
6009
-3985
-2496
-6123
-3385
5360
-700
-3482
5514
-2806
-4267
6011
-6328
-1913
-3815
-7469
8042
-2015
-2827
1267
1209
5
-2023
-4617
-3134
2303
-7206
-4026
5904
7825
636
6789
-1375
5566
7392
-5526
8770
-1272
9958
-5439
-7281
2577
2285
-489
175
4824
3572
-5441
327
-50
-5572
5594
4987
-4787
8100
7874
9757
-8370
-3480
-7015
-3495
2952
-574
-9696
-9917
-473
-697
8075
-2381
1253
-3394
3647
-3170
-2937
-875
-3885
-732
446
3402
-7093
-3834
-2142
7639
-682
9985
3828
-9712
1966
-3410
-9505
-5344
-7741
8430
-6290
173
6657
-3988
4287
4977
9447
-9816
5241
-1046
-3024
2965
-2180
-7695
-5359
-6132
-2776
869
5412
-6764
7397
3391
6541
9128
-2632
-8503
5644
-1616
6958
4456
-9157
-6215
592
-6623
7304
8371
2257
5593
3112
-3399
-5529
7739
8543
-7975
5301
-5454
9355
-7960
-3788
5644
-9214
-5724
3328
2172
8458
8946
-1506
7854
-1949
-3629
-9460
4388
2459
-5515
-5688
7741
-6312
-9675
-1004
-240
-718
3653
-3268
-9435
-6263
1732
-824
-3871
3246
5501
-9091
5239
5497
-1742
-4625
8684
5145
6567
-5310
-3624
5071
6962
6213
-3078
-1827
-3143
8010
938
-9670
-6532
8736
-8023
-8302
4750
4256
-9654
-5385
-4743
-1346
-1545
-4573
-4329
-4095
-8649
-3626
1984
-1995
-1253
451
-9140
3958
7576
5991
5905
-2593
-7016
-407
1323
-6847
-2864
1512
-8392
-433
-6091
-3953
-357
-5229
2745
-7644
7240
-7879
-8406
1452
-8104
1818
-5055
-8699
-1881
-7962
-1906
-5384
-9835
-4273
-4503
-3599
5763
-2558
6302
1624
6521
-8728
5040
8473
-4433
-4080
-3299
8846
3660
2679
-2158
1082
-1428
1566
-6881
6107
-7262
5213
780
9232
4428
459
-3121
8015
6847
-8059
-7943
-7849
-8577
-3484
-4288
-7972
-2334
3328
2688
6677
-1107
2331
1027
-3713
-6292
-2658
7304
9662
9458
-6223
8391
510
5241
-8242
7370
-881
8559
344
5035
7510
6439
-3828
9628
520
4025
-8492
-6215
-8538
-6252
-3216
-4008
-5000
-353
-4313
-9606
-9588
-2810
-9895
-4616
5329
-597
8826
1537
5651
5
5913
3257
-6137
4061
-2346
-9882
-1622
8239
9691
2030
-6931
9237
-281
-5847
7864
-7599
3744
-8905
-9563
7284
-3535
-8686
-9022
4847
316
867
9637
3119
3747
3827
0
3660
-2
1968
8866
888
-4309
2135
9146
-2107
-5834
2900
7410
2526
5880
-8642
-6520
-183
-2252
6135
-7168
8863
-3765
2103
-3524
3524
1982
1748
-8537
8647
-5465
-431
2475
3393
-5767
9913
731
3475
9519
2177
-737
-6435
5770
4664
-1765
-2082
8
7352
-6972
-558
1017
4938
-7033
3783
-5853
-949
5495
-3126
-7258
-392
3742
8350
507
-7880
6379
348
8023
3321
-9412
2073
-8921
6623
5175
9420
4766
7957
5152
-934
-7362
-7513
-9544
-629
6373
-3585
-2830
-3845
-955
-8018
-6914
-8088
-7323
7372
-6300
7113
-6322
9194
-4924
3973
-7238
4717
-6179
3852
1343
-3173
7429
-3652
4424
-8633
2506
-8419
-4259
-5316
7366
-6092
516
3203
4409
-9520
9172
-5213
-1106
-5850
-6493
6339
1146
988
-7726
1117
-2949
7947
3594
4500
1332
-830
5637
-4743
4880
3700
7390
-6871
5674
-2637
9088
-5385
-6961
-7618
-1661
-7600
-1646
-9854
-7692
-6096
-798
-8281
1533
-1402
9847
5328
4192
7222
-9316
-4189
-6434
-9814
-9409
-800
1594
-4155
5797
826
-19
-8676
845
603
-3382
-2533
4978
-6887
7796
8732
2144
-1101
7211
1613
5285
5271
-7223
5
2196
-2783
5879
-5701
6422
-3079
8702
-5141
4841
-7435
-9962
-4919
6589
-6720
2280
7234
-6276
5900
-4436
4784
-1813
6709
9723
-1542
-5206
6732
9994
-3799
3973
1888
8418
9523
-4903
8066
-7869
-4323
-4512
-8242
-3842
62
-4671
7232
-8370
-307
-207
4445
-5356
5881
3628
-5025
-4289
-5344
7265
470
-8061
14
-2080
-5247
-3364
8402
-9651
-2413
-9468
-8457
6231
783
2433
2607
-2392
-6875
-655
-4667
3284
-6776
6788
551
-330
9043
-5291
-8364
-9243
-501
-615
9983
4310
8204
2440
-1390
-1414
6526
7113
8568
1985
-4676
-359
7696
-5673
5339
5226
-2377
-5251
-5923
3075
1871
-758
478
8681
6370
280
-6081
-4680
-2304
-7112
-4188
8355
-7281
-9470
-6984
-6461
2001
6009
-8588
9448
6488
9642
-8240
7782
-654
-5609
-1139
-502
-7215
-3505
8517
4572
8772
5352
6052
-4113
831
-1021
-1589
-3945
-9627
1461
-4232
3381
-9975
9320
6481
9652
4526
7080
9931
-5165
-4793
-3879
2045
-2766
-931
-5670
-1515
6446
8629
-9313
-6894
1495
2141
6493
4462
1066
-7941
-6101
3826
-8432
6302
2975
6270
-3015
-7495
7017
-8120
4588
-7806
9549
1074
7912
-9140
9922
-2868
6784
-1006
-2703
-886
5084
-4291
5669
-2888
120
3322
-7403
9121
-1931
2777
-3282
-6652
-1828
3860
-703
-9351
8718
2011
1240
-9472
1679
-5241
2155
-4988
8667
-2496
8747
5165
4897
2984
9009
5350
4099
6177
-4365
-5902
-2170
-3180
1815
-1925
8690
-1389
-9363
1020
4895
3372
6486
-7642
-7463
-1410
-9169
5523
-5287
8676
1877
3294
-3499
6542
5201
-2545
8569
521
7108
-9212
4016
1162
-7052
-7203
6814
-7836
-4640
-8994
-4873
-7714
1817
471
-4471
8919
-8395
-9252
7431
-4973
5875
7327
4316
-6469
-7140
-994
-4465
-1828
7538
4111
-2229
8604
-8890
4952
-8635
1600
6804
5959
-7705
-8884
9396
9747
-6487
4381
-7260
-1165
9468
-4433
285
3727
-622
-3395
-2240
400
905
-4181
-9289
2754
5697
7780
8676
2565
3599
-686
5420
-7118
1146
9385
3055
3132
5203
5107
-2750
-8737
-3886
7192
2919
-9910
8265
-8908
-7111
-2282
-5965
-6066
-4878
-2273
8738
9602
-6493
5170
9686
-1564
-3707
-6159
-8208
3334
-5721
7418
-4244
-3231
5667
-4730
-3704
-6636
-4219
5648
806
-4490
924
-8824
-8397
-4084
-6236
3157
-1188
-7272
-9782
792
-3430
7719
5239
-7597
7658
5506
-2867
682
-237
3941
3005
1784
-3449
6953
-6542
5312
-3002
5120
3648
5766
7787
2758
-4937
9369
1070
9126
6290
7055
516
-9613
6618
-7229
-1771
1864
737
1180
-9422
4341
-888
7796
-8296
-1319
2161
-2685
6481
-7404
-1655
6702
9672
-8750
9510
8952
3526
-993
-6815
-2694
-6153
-6381
-5161
9124
8190
6625
7467
9665
960
-3053
8457
7924
8951
1034
9344
7441
6903
-6273
4568
1518
4085
6700
9302
-5997
740
-9441
-8230
8200
-5114
-8090
7791
-5623
-6743
6436
1893
-7168
-4895
5976
-4307
5968
74
1450
1623
-1926
-7011
-6122
-1601
6795
7671
5505
-7669
7822
-744
-7364
608
7336
-2185
3375
2260
9509
-6681
3049
9627
5922
3102
3759
3142
3577
-957
-8720
6248
627
4036
4606
3343
-7116
7825
-3437
7519
-8233
8181
3951
1311
2386
9003
-9628
-1681
3598
-228
8545
7751
-9747
8195
-1940
7128
2645
-8409
4642
4813
7493
1824
-4338
3553
2270
8620
6424
-7476
-1112
-3331
-6267
8470
9064
8493
2097
-3918
9880
8603
7110
-134
-96
-2574
9950
-6258
-1631
-3803
959
7287
-6954
8097
-892
-5242
2404
5233
-7964
4857
539
1313
3316
2528
-7900
-199
3219
6895
2620
-2275
1317
-9729
-2105
-61
-8175
6053
-2750
-6065
-259
-7496
-1492
3119
-9635
4692
9076
2299
6089
-1960
994
5321
6469
-5169
563
3559
2804
7795
-8930
-4303
-6367
8268
-6026
5708
-1267
-9916
3367
1194
2063
1038
2654
8835
-39
-5058
5775
-7885
-2217
-1840
2460
266
9127
9569
8287
-2719
6820
-5732
9168
-5959
-1084
3665
8292
-2773
3018
3968
38
-473
-3761
8030
-6228
-7766
9533
-6592
-8659
-3117
-5396
6133
-2265
-2159
-26
4264
-357
-1297
4294
-3405
-2579
-695
1745
-6484
-7839
-4707
3301
-18
6129
-9304
1348
4325
6025
8156
5445
-9243
-264
4412
-7189
8212
5210
-645
-9197
-2103
-3086
2118
8488
-8528
-9548
4080
-8124
-2877
2557
-6662
-9014
-2475
-4406
9507
7023
-9624
-8697
4229
9091
-1690
-384
-5447
-9738
-2103
-4849
9543
-2619
-2599
2833
-1945
1106
-9904
-9568
8566
9453
5873
2720
4659
-8818
-9509
5296
-5589
-3336
-3313
-5355
5121
-8604
966
-4118
3175
8763
-3090
7384
-1239
-9936
-9370
-9024
2503
-2406
-5502
5015
-4809
-6106
-904
7620
-2179
-7612
2149
4132
9124
-1930
-2323
5528
7541
9614
2826
-1223
-6330
-3763
790
9342
-4083
7912
-3591
4870
497
2426
-9592
-7012
-9642
-255
6791
-9537
-62
-5600
-2224
2406
5375
4009
-1911
6551
-1646
-4224
6748
-8988
-2714
-2578
-8210
1651
3394
-5591
-7662
3801
-6205
9181
4382
1197
-8420
8037
-6569
7689
-5145
6452
1212
-6601
6053
3904
-4059
8236
-8136
-6910
-2665
-493
-9526
-9785
-3067
-9205
-7755
6694
1021
3123
1380
-2353
9164
1188
86
5446
-8551
-3177
3653
240
-879
-6290
6032
-276
-9988
7329
4254
8550
5691
-1534
7718
-2854
-813
-1222
6852
6522
8804
-8724
8802
8906
6463
-3923
9535
-6785
5550
2689
6602
3280
-9403
4049
4330
-3172
-3227
-7049
-7130
5032
-3827
7649
7606
-9910
-5726
-2457
4282
3279
3087
362
7129
7338
1078
5858
-4802
-4504
-1725
4609
1671
7848
-4428
-2389
1380
-1276
3369
-5269
4342
-4459
-928
-7762
9127
-9005
-550
-9587
2591
2902
-863
5625
2072
3982
-464
8837
4908
4242
-6957
-3759
4054
-8044
5980
3256
297
-4095
1603
264
-8070
-6401
1982
-1693
-2621
7471
-5759
9659
4594
2741
-5571
4859
-9969
4918
6501
-8900
3687
-3054
5928
8366
4886
588
-1939
4869
-8937
-2326
-3128
2702
9729
-9624
-9918
539
4954
7552
2956
6542
-5302
-2228
7804
1715
4316
-6892
-9351
6579
6036
-6101
-8285
-8513
5095
-1098
7352
9643
5763
3390
2162
-6932
-8142
1282
9630
-2448
6893
6885
2937
-8229
-8019
-8762
-9087
-2877
6754
-1727
-3641
-5470
-8788
8040
4959
129
-7577
9209
6101
-4919
3531
3981
-2247
-6461
-708
4630
-5433
5617
6364
-3859
-9822
7821
-4631
5897
7799
-9744
8873
2165
-2700
-1758
-3373
-2089
9217
-5761
-4685
-1100
-7785
1730
-1228
-5657
4692
-5553
-152
-1280
-3593
7900
-605
-1300
4303
1958
-7301
4243
-7738
-3524
8957
1940
-7899
5140
7797
5098
-7277
3679
3403
487
197
5857
878
2438
7582
-2016
-5431
-8170
1333
-3519
-9959
-6148
6301
5019
1057
-8087
-7216
5556
9438
4563
7802
-7818
-8086
9307
205
9046
63
-5110
-5027
-4622
-8844
6829
2786
6562
856
4937
9208
8046
577
2595
6222
-2385
9234
5997
3552
5262
3085
7822
4004
-9068
1583
-8310
1698
-375
-182
4364
6771
-600
-8227
2762
9942
-6291
-2203
9898
4966
-7952
9070
-4765
-1379
9528
2949
30
-3809
-9865
-5098
6288
-3190
3417
7297
-6834
8421
9701
-2526
-733
-2065
2296
-6686
8768
-5016
-8268
8746
-6258
8326
9780
4114
4478
3158
-1829
6910
5017
-8436
1264
9093
3446
-5176
-8238
7002
3241
5089
7743
3142
3173
-4099
47
-1009
6892
9396
6730
-552
-875
-3103
7608
8804
5153
5113
-4355
5159
2374
1375
-7974
-1109
-9725
-1755
-2431
-1227
-8770
-6391
7812
9710
-8148
870
2657
-6158
-4617
5856
-4849
8947
-3737
5775
-7106
-2005
-4625
7748
4163
-8014
-4374
4626
6974
-8895
-3136
3595
5777
-528
-9841
6024
9448
-2270
922
2286
-5541
-207
1360
1087
3899
5110
5426
-7875
5930
575
9791
-394
4575
-8362
64
-8205
-9562
-5671
-5954
2914
2135
8007
-9113
2743
6649
-7460
2310
9840
-6931
-3711
-2463
-1075
-9799
-8596
8001
9713
-7192
3320
8227
-4080
-744
5101
5295
2254
9760
3596
3452
-8361
-4270
3383
-4023
2041
-1059
-8946
4078
9478
-2394
3408
-853
3577
-7131
9655
3182
-692
6414
9985
8602
-2409
-9210
8498
-7663
9240
-5221
1143
161
4268
-3156
8923
-6448
5953
4132
6357
6828
-8227
-2674
-8200
-4685
-9586
-8627
7414
5750
9455
-9498
-8919
5919
-1833
9733
5069
-3195
1970
6850
9186
-3506
-2249
9895
-656
-7740
3437
-8660
-9328
-4184
-7020
-4831
1304
-2756
9786
187
9271
6388
-5906
2610
4061
1427
-2439
-7321
2022
7386
-8822
992
-7340
-8294
7018
-1669
-2215
1777
0
-4279
9140
-7378
8294
3030
8605
-7082
-183
8684
1050
-271
-3557
2935
-5880
-2608
-1491
3876
-5462
1212
-8383
9830
8515
-7813
-889
3595
-3497
2936
-284
-5712
-6873
-1160
9830
-9258
-4643
-9163
-1426
-9389
-7670
-8804
-6058
1885
2247
6146
1659
6799
-8187
-6842
5357
-3315
-5251
9976
5048
-951
179
-7630
-545
7982
3497
217
-2471
-3782
6760
2283
9198
-5845
-2401
960
8378
6689
7777
-6189
-9435
-3986
-9537
2788
-4950
-9363
-9179
4611
1992
3193
-6497
-8244
-2347
-9766
-1724
5474
-2737
-766
-2134
6164
4587
-334
6783
-6301
3037
-487
5843
1146
4118
-5422
-9705
4871
-6456
7387
-6153
-5527
7667
7869
-8514
-2738
-8203
7785
-5060
-5726
-1220
6961
-320
-5164
6650
-6267
-2391
-8505
-6967
-9587
-5074
-2890
-2621
9991
-3089
6540
-1236
4887
9786
-8584
-6071
-917
6847
-3407
4325
-1236
-8189
3040
9621
8782
2540
4525
7721
-4100
-177
-9151
2999
-2137
570
-7217
-5255
-8147
-3924
5883
-3048
-5160
6369
-2414
-3160
-5290
-2227
9977
3325
-9763
-2953
7313
9224
4360
-6497
-6097
-7107
-3737
3519
-1165
-8865
1859
-6696
9566
9913
7290
2961
7390
9651
9702
-4942
-7884
9506
9893
-5017
-8458
9428
6425
7897
2940
-4928
-6853
-130
7693
-3707
8427
-8444
-8579
1570
-4830
9327
6948
3640
4029
-9426
-8668
3993
-7008
7588
1810
-623
-9803
272
8271
-4914
3658
-9462
2772
1799
926
-245
-449
9880
-4527
-2384
-5000
26
-3068
-2544
8316
-568
-388
609
-7529
-9181
2728
-5785
7223
3203
909
1730
2087
7797
3463
9161
-999
-8627
-4314
-3349
5726
-9863
1298
1855
-5784
-3346
-8377
-6836
6220
3012
-6067
2785
-1777
-894
6454
5216
-4986
8988
-8527
-5729
-7293
2558
-8673
6452
2189
810
6487
2411
-3023
-3004
5621
9806
2337
7916
157
7206
-6049
-472
5737
-4103
5416
7584
3714
-278
-1837
320
-9950
6187
9722
-974
-666
8760
-9032
7715
9935
5176
2763
8832
-1264
7941
5507
-3224
7349
8843
-5913
-1408
1453
-2800
-1684
490
1565
-8214
-6660
-7635
-1556
5689
-6296
-4225
-5159
-8854
6899
9798
2688
3480
-7836
7693
9853
6365
3817
7026
-9159
-3244
5568
-7042
9252
-7667
-7565
-7265
7103
4354
9539
6481
-8716
-5476
9425
6264
6745
-9426
-4362
-3132
-6546
3608
4875
2644
-392
-9447
383
5687
-8200
4635
-8714
3786
-5734
6177
-5255
-2817
-6860
-7993
5393
5381
5539
6628
-6837
1771
-5736
-4782
505
7303
-1296
2312
-6210
662
-1859
-347
1830
716
-7338
6214
9516
-3404
4868
-6608
-8539
-6798
9518
-4369
-3377
7373
3175
-6716
-333
3611
-2082
4473
9381
-5824
-9253
-6296
-795
-3265
2514
5996
-4904
-8749
5441
9151
-7867
-7379
-6976
-6098
6843
4688
6585
220
-4709
-5295
-9480
-3053
7740
2470
3814
1685
-9562
7923
-1535
2279
4666
-778
2308
-7267
-34
-7885
9640
-6065
-7651
910
-1059
1195
3824
-8268
3184
-1023
6301
-6836
-1494
4529
4137
-1252
9996
-9590
-7662
-5997
-8734
-3389
1894
7691
-7926
9516
8799
-7731
-8073
1636
-5128
1694
4489
-5813
618
8148
-1688
-546
332
7057
6177
-7572
-3866
3826
-3364
-7650
7937
4615
-6647
-9309
-3490
-261
3789
-1554
9118
-3506
-6885
-2233
8994
-2235
-1074
-6687
-6096
-4302
7049
9655
4445
-472
-7799
-3943
3470
-1688
4509
5749
3799
2113
-5307
-7264
-156
1750
1015
4395
-126
3285
-1049
-5971
878
-3472
8177
6680
7569
8854
-8149
2540
-4065
9768
5079
2217
3144
8633
-2661
7517
-2356
5008
-4114
-8883
-372
-7618
-7194
-9804
-1811
-8800
2367
-8167
-6525
5352
-403
738
6469
3336
-708
-5317
-2985
-1047
-3041
6946
-5034
-3001
-8604
3409
3199
1993
-3639
2896
-4896
8099
1781
9927
4259
554
-9005
-2358
6379
7375
5767
869
6712
-4536
3983
-2373
-9922
6481
-4653
-7603
-6741
8741
-2207
-7086
5834
1341
-3749
-7685
-9879
9264
3990
-5746
-4578
-7154
-157
5968
575
6963
475
622
-4525
1848
-2898
9804
-173
-6242
-6196
-693
-3687
-6810
-8888
1255
-6884
5636
8316
6413
5992
-4139
-9084
-454
-6605
1152
8749
9382
-8058
-7045
-1582
-8049
-6978
-2186
-1303
4858
-6099
-6998
-8100
3734
248
8102
4086
-1954
691
6408
-1327
5999
-8895
4419
-7592
-8489
9898
2969
7196
7218
-8124
3503
79
-8122
-573
-5062
715
-5934
-3248
-8395
-9912
7422
2740
-2358
-5108
-7550
-1620
-6694
-6665
-1558
1373
5276
7543
-5983
4809
9391
-7218
-6143
9905
2421
1049
-565
649
-2507
7319
-5618
-6026
-7277
965
1771
3930
-9196
7850
1659
8081
9821
1313
5480
-2536
6692
8021
-7157
-216
8886
2118
5319
4036
7329
-9745
-9314
-1539
-9810
5429
654
-8133
2539
-3344
-2887
1410
928
-7282
3901
6087
-8249
-6390
565
-7229
5578
-7471
783
-3213
-2218
-7042
1514
4678
-5908
808
5812
9206
-4884
-7544
6173
-3639
2923
3060
-1030
-7048
4460
1067
-1900
4918
-4759
-4696
-7669
7989
8926
9442
-4977
-9953
-8180
-5124
8248
8907
-3513
5425
-1569
6883
7547
-4103
5725
641
-9606
4958
-9576
7019
8548
2252
-81
-4947
-6828
-3940
-2073
6294
-5772
-1270
2836
4222
-4500
9236
6600
-3951
-4509
-5317
-3579
5870
-9301
-9213
-2969
-8408
7399
-2688
2639
-5731
-1649
4828
-3884
-5098
6227
-9662
-6105
939
1204
-728
2154
1065
-723
-8169
-5907
1369
-5424
-5330
3392
-1740
7918
1789
226
1031
9436
7877
2053
-7210
-8919
-7088
9234
-4554
-5457
-2203
5500
-527
-1293
1334
-9307
3044
-1746
8912
4909
-71
1466
-9309
-5246
3554
1375
-5618
3816
1358
9224
-1857
6595
2292
-2322
-7537
-849
-562
4514
9987
4974
-7132
-2225
-3128
-7291
6909
-3795
-7396
242
5907
6815
-2109
1446
6376
2284
1434
1554
3881
9424
-5947
560
-9529
261
7740
2619
-5338
8215
1280
-5120
-770
-9825
-9692
6853
7732
-4929
7018
-5517
5591
-6130
-1455
3595
1279
-3138
7581
-339
-2662
-3229
4056
-4257
-2985
-9148
1801
128
-9638
-100
-3912
-2000
1146
-6075
3512
-3354
-6735
-2866
-8691
6127
2598
9338
5681
-5788
6588
-6291
2385
3674
-4781
-9351
-3950
-8163
6755
8222
6447
-4046
-6408
5933
-2723
7311
5889
1305
-5875
-6151
-8966
9311
7519
6545
-8606
-8355
904
6040
3691
2354
8569
-4441
-1246
8568
1566
-1762
-1521
-3422
-7002
-8476
-6404
-2248
-2541
315
8482
3202
-5911
6581
5494
-6698
-7143
1863
6767
-9547
-2723
4496
-8091
9772
5163
8209
-3038
3194
5938
-4633
-4151
2740
-7778
-3677
-1484
7139
8628
-5703
2805
9093
-6964
-8727
-4587
4373
945
-7876
5213
5865
4150
2636
-1119
-5542
9900
5108
9382
6874
-7445
-747
1034
3175
-5473
5694
9058
-9412
9356
-6079
-7837
8943
-4238
9003
2464
-5848
8269
-6849
-7313
1524
5552
-4961
-8953
7196
4914
-5878
7132
-9132
8685
1890
4500
6364
513
3376
-1662
1859
-5411
-4128
7697
5844
-4821
-1420
-3133
-1071
2285
4325
8519
-9089
-2050
4074
-9004
2327
5610
4640
-104
7262
-5845
-973
-5180
3461
-3521
6786
4575
-7665
-7136
2045
7827
7921
-5371
6907
-764
-6731
7996
3405
8473
5177
-2719
-5193
9344
736
7001
-7276
4723
5506
-9383
-7665
4968
1326
5725
-6555
7239
6152
8333
-6205
8922
-93
6220
9977
-4579
-9080
7819
9599
3716
-4548
9725
5192
5645
2595
739
-4473
-6782
-6702
4823
2901
-7277
8766
-2011
-3639
-5366
-5398
7000
-9863
6003
-4029
-9499
6491
8946
-596
-4155
7197
3147
9772
-6902
5127
-4038
-2868
9966
3302
-4756
-8875
-962
-6743
8304
-2500
-5355
3677
-1517
1964
2727
891
-7846
-4363
4275
636
-8884
3406
2965
6877
6346
9652
4571
-7500
7664
9993
-448
-4484
598
5531
279
-4240
3556
6230
7079
2374
3127
-4476
-5402
5178
-2517
1393
-323
1075
-3370
-3392
-6772
923
2107
8636
-9802
-6833
5923
-2368
999
-8323
-1074
-3487
1822
5007
8321
-2805
9547
369
1147
-9876
-1168
514
5347
7463
-5432
938
4416
6491
6422
-6468
7603
9903
-4226
621
-9352
9555
2918
1618
-1061
-3077
-6386
8175
3622
-2032
-5294
6904
-5034
-1469
3586
-8546
-7464
-8170
1383
4859
4211
-3693
515
6023
4991
122
6619
9335
9322
7243
-7833
5821
-8389
-7176
-2503
-2037
6989
7722
-3624
-409
-3186
6666
7999
-5170
2764
2191
8475
7221
2061
5252
-7604
7821
-1905
-8097
5627
659
830
6441
1655
-8188
6570
-9016
-6471
-9696
-5930
1561
4655
2393
181
2612
-3469
7299
5646
9683
-5002
4521
1144
-6255
9197
-761
-7456
-5096
501
1702
4129
-3794
-3607
1917
-6822
5776
7240
-6973
-1717
-4749
-4370
-6914
-3634
-4537
-894
-6072
7502
-9110
8149
-6544
-1196
-3794
-915
-7922
7589
4895
-8940
1617
-5106
-1309
7043
4653
-3906
4145
6277
-210
8053
8549
-382
2025
-9230
9377
1667
698
1048
-2961
-961
-1750
9913
-526
-9502
8731
-9577
-8743
-4379
9376
-6571
-2194
1092
8647
-6051
-5027
-1991
-6148
8787
2369
2965
965
-9231
-2838
4427
-4237
-282
5472
-7478
-2584
-6968
6646
4424
3022
9106
8390
3498
3505
937
-5436
-6311
2674
-9708
-5776
-3466
7110
1105
2062
-4812
3669
855
3728
-9562
3464
5378
-320
195
5837
3089
2911
-7955
6148
-4938
-4336
-9308
201
9305
5474
9067
-5556
3314
3141
-2168
4249
-4994
-7173
3846
-9784
-1041
-5466
-9980
-3827
-6462
4790
-9856
-8534
-3279
-8947
7009
9983
9782
5582
6853
2596
-4193
2285
250
-8258
9088
-8586
-3360
8297
1817
-9092
-993
9899
3968
-5993
-25
-1506
-9649
4504
2887
-2852
6217
4988
-8547
6072
9190
9235
6899
1274
-4319
9163
1060
-332
9873
-1887
960
-5332
-1365
5995
1924
-8814
-2114
4114
-9382
6837
6093
-6451
-6804
6359
-3365
-9611
-5959
-8192
-4226
-3847
4976
8064
-6277
-3520
-8473
-6602
-2071
3867
-3684
-9868
7542
1350
5444
9166
-2128
2608
234
5331
4619
2309
-1123
-6213
-9561
2316
8471
-2569
-9762
-5823
8224
-7013
-9716
6483
-1476
1756
1183
1009
3050
2485
-8211
5259
1070
5138
-260
5065
-1779
-1226
-9894
-6539
-8689
-7619
3834
3109
4339
-3894
8447
-8591
4771
-9494
6292
527
-127
6899
-9934
6137
-1848
-3507
-5443
6859
-3340
942
-6581
9792
1378
-5622
7671
-218
-6554
6404
-1831
8535
8795
6689
873
-7909
9889
-1001
-7319
81
-5587
-8882
-7935
-121
-1867
-940
-3353
3121
-2539
3497
-651
-6257
-330
1464
4691
-8219
-7392
4042
8946
-8505
3723
-2775
-9648
2523
207
-1571
5026
6584
-877
4484
-2579
-644
-254
8608
-1571
-3298
-597
-3371
-4358
2848
-1345
6259
-6943
-863
958
-9045
-9814
5731
7135
-948
7305
3855
-656
-2552
2802
-8618
-4611
2275
3181
8544
1774
4700
-6724
-2599
1631
5429
-7728
2493
1931
5288
774
8071
-6816
9520
-6019
767
2203
9695
-2015
5697
-6543
5112
9825
-4774
3734
-7648
-1889
-8487
-5908
-7764
-4837
-8257
5086
-8573
9281
-4337
-5119
4530
6955
-792
7049
-9204
-8423
6646
546
-7190
-7121
1830
6055
-5337
-8918
-2359
2289
9463
-2875
3583
9657
-8164
-566
-7468
-1279
6348
9516
-3353
-5125
9776
7387
8415
-92
-933
-6635
5730
-1727
-5817
-7890
-3916
-7984
2230
8979
7551
-7498
5225
4237
-8628
-365
-7784
-3420
-8192
3254
7629
8670
9452
-2303
-2261
-5148
-867
-1192
-7494
-6068
9927
-9981
1743
8307
-3789
-2468
9770
2808
-5778
-6939
-1812
7228
5140
1930
8755
-5754
5624
5179
1234
-9057
-8985
-1214
-4959
3369
921
5308
-8064
-6228
8202
-291
-3147
-6317
-134
-2225
8975
-6190
1493
7650
7678
-118
-4289
-9261
7669
-8804
5043
-2396
3897
-3758
-382
-4661
2957
-4582
3544
6858
2279
-8017
1637
-6239
7279
-4687
-8972
-9116
9854
4694
-8610
-2197
-5528
4321
8378
-4293
-9944
3461
-7053
3281
-7810
5401
-5101
8685
9184
3814
-8077
7878
1362
8697
9746
7878
9721
9184
8254
2207
-9372
-6135
-3969
797
-5222
-7800
8237
9517
-2220
3363
4261
-4936
-9716
8451
-9592
-2215
-2088
7907
-8935
-1426
18
-7783
2642
3636
3870
8220
6918
424
6368
-24
4538
-3387
3475
-49
9544
-4222
6395
-1990
-2297
4059
-5998
6559
2582
-1331
-5939
6434
4031
771
-3175
3447
831
-4136
-3444
1613
-739
-5075
-9542
2443
4047
2980
-4679
-857
6992
5704
2140
9096
5380
5276
-8236
3065
5765
-2244
419
7541
-6531
1406
1242
-3626
6565
5273
5176
-6113
7791
-9256
-6531
696
6831
7013
-4886
-3505
2229
-5545
-2475
9421
-6576
-4448
-8932
-6048
1386
-4046
-4289
-3822
7741
-3419
-2452
-3060
-3659
-461
-5979
4191
8292
5510
5094
-1758
-3454
-2370
-1787
-5096
7188
6783
3319
-1194
-5720
-376
-3001
-4934
447
7916
7164
-9950
-6928
1528
5005
-382
-1239
-7625
-9258
7115
4917
-2687
1976
1363
4821
6067
168
9184
7406
4892
2433
-3686
-7099
-5917
-2133
1901
-9094
7618
-4705
7707
-1882
3468
-7298
-4864
-6828
3054
9811
-7188
-8441
-6939
8703
2980
-3013
-9666
8993
-5922
3820
4767
-4334
5303
5626
-409
-5468
6745
5959
2648
-8966
-9331
-381
4436
9901
886
-3231
9932
2625
1638
6845
889
-3669
-4623
-8030
2948
1244
-5116
-6345
3273
-3743
-7620
-6373
4777
546
7417
-3823
4882
-9910
-7989
-9554
7184
1625
1255
2899
3248
-5661
9797
-1881
-8403
-3024
9309
7381
1639
1335
-4144
7945
5867
-8932
-9583
-8691
-7792
1791
-3126
-2312
864
2648
-2326
9298
-1429
8584
2719
-425
-7018
-3927
-7199
1315
-1094
5812
-6946
-3929
-558
-4498
-5724
6286
-3013
-1324
-6401
-7496
6790
9841
8749
8139
-3250
-4490
-4685
-7693
-873
138
-4179
5335
7093
-9547
5464
-191
9152
-6235
9550
-3146
-9520
5283
-9693
-2184
4204
3051
-145
1890
9090
-4236
-7869
8593
-5852
-6621
-8492
-1353
-122
-9998
8805
-9298
6193
3974
-1787
-7660
-7329
6869
-215
3316
-2857
6916
8495
8670
2555
-8513
-2703
-943
1890
-3943
-3889
-9897
-1786
-4737
-9808
5236
2424
9542
143
-5624
-58
4130
5178
8594
-5863
-8891
8449
-7658
-8092
-2958
1076
-5286
7639
5903
-8103
-6470
3374
9151
6486
9832
-198
-4200
9540
-8593
-4188
-9373
-6200
-6520
4985
-4171
3110
6885
-2126
7697
-196
-5217
-5086
-8746
1977
-4344
831
7606
9570
-4595
-2554
8897
-5550
9265
4373
-7089
4025
-3433
5002
-6320
-8294
-8800
8149
-2706
-1783
1796
9426
-9736
4025
-3116
-7836
-5681
-7290
-2728
-1942
-5248
-3389
-3888
-6282
7095
-4732
4486
5200
-9503
1575
6459
-2950
7001
8542
-9600
-2547
-7248
241
9307
4102
7335
-6824
9242
-5520
7641
8833
3858
-6439
6530
-9497
-3046
3449
-323
6186
6938
3953
-6925
7877
-2872
7020
779
6860
-2679
-8143
-3046
764
-368
-242
660
6021
-9473
4079
-2403
6455
1920
-8468
9245
5490
5709
-2758
-6907
7730
6537
-3235
8899
3875
6355
7960
7240
3943
5675
6197
1226
-1653
-4815
1368
-7384
3151
3379
-4848
9451
4875
-6920
2221
3136
-8063
5938
6193
4199
-3821
8966
605
-3703
3665
5806
6623
-274
4696
-2664
-7835
2124
8031
-2678
6055
2268
6716
8471
-6298
-8075
-5852
5620
7258
-9202
-8411
3584
-7985
9824
9648
1175
391
-9900
-9301
-9254
993
2294
439
1361
-9013
-49
-33
-6997
-4085
4234
6993
3158
2834
-311
2416
-1455
6971
8596
-1204
6735
-7316
2303
-8679
-156
-8316
-431
-197
-9615
-3723
1879
-4624
2189
6630
-3181
-2923
8193
-6660
2459
3510
3647
-6761
-3325
-1855
-7016
-3571
7452
7491
4237
8663
7589
8212
6745
8407
4614
-9689
-6781
-8528
-9825
713
5206
-6540
-8877
5069
4120
-535
4384
-6597
7784
-5956
-2402
-9032
-7801
-503
-8434
9103
9685
6840
-6467
-7522
7806
4513
-5620
2836
-8847
-6744
-4635
4841
8690
2574
7600
-3692
280
4238
571
-5828
-2430
1982
4739
2699
-9583
-6865
-9219
-4540
8077
3997
-9522
6088
6075
-7810
-3998
2070
2974
-2971
4315
863
-303
-9513
5976
6837
1240
-4935
5223
4004
-7644
-6771
3657
-3633
-455
3730
-7816
-5427
-1406
7708
-507
7958
-600
7413
-6627
1335
-7955
-8004
8566
-7185
-4828
4796
-819
6061
-3054
-5297
-9187
6334
-1375
-6302
167
1602
-485
-7213
5770
-3296
-5806
-2508
115
-7471
-347
-4562
-4422
9131
-3669
-4604
7534
-164
2498
3242
3098
-1639
3601
2440
-973
-5121
-7332
4903
3554
-4968
-425
-5426
2578
78
-2084
-2469
-6180
5163
-2771
1832
-4066
-5567
5177
-7527
-6656
-2214
3984
-628
2783
-1807
-367
655
6448
650
-3285
8539
-602
-6889
9832
677
3063
1006
-1539
-1159
2268
-6283
-741
8269
8544
2465
-2234
1245
-930
8704
-5943
-8477
-7461
8481
2313
-6996
9386
5106
8196
-7282
-1623
3958
-9345
9519
-9514
-1363
-8242
3280
3641
-349
6521
-8300
-2781
-26
8280
-8798
-8447
4588
5324
8977
-9009
-1596
6523
-8497
2711
2729
6346
677
9341
4707
-8531
2439
7775
-2479
3495
7710
-7170
3123
-5758
-697
2967
-4657
2849
3048
5254
2902
-9605
-8483
660
9758
5642
-7668
8966
1724
5544
5644
337
3048
-5578
-1328
-4975
8972
3424
-8393
-1659
-2508
-5844
-5456
-2637
8550
-3873
7199
-7885
-5304
389
3193
899
-9995
5848
1828
2129
7585
-6761
-8754
2872
-707
-7292
4577
-1594
-3456
2082
8193
6653
-6313
-5625
-9460
93
5024
5538
-9723
-8017
-52
6254
6407
7560
-8529
-6647
1066
-8654
-5700
4092
-5518
9330
8705
-5958
-5933
3885
8496
-7884
-3428
8213
3297
-1590
-5972
-6429
-7188
8575
-8738
-8967
5513
-122
-7727
521
-2389
-71
-4573
-1909
1467
6880
-506
-8133
4444
8709
-9360
-478
-168
164
527
195
-9172
7302
9757
9932
-8239
8563
112
-6764
4776
-7795
-3071
-5283
3434
-9360
-151
-3581
3189
-847
2387
6008
9273
8414
-2154
-6045
2660
5868
7063
9022
-5955
-7834
8769
-3421
8728
782
994
-7089
8553
-5783
6945
-3640
2079
-1006
-9447
-4944
-9504
1505
-2549
-6366
-8514
497
9762
-4629
3349
1233
8493
4657
-2718
8418
1833
1505
-6254
7925
9442
9864
2967
-4645
-5039
-727
6488
2883
-6300
-9640
5377
-194
785
7530
-6785
-3461
-6969
-1749
-8645
9886
-5870
378
429
5425
2757
1105
6632
-1573
4821
-7294
2985
-7929
-5363
4051
-6993
7048
-2243
9646
-9810
-2764
377
-4889
3936
-4700
1219
-2634
611
-6454
-6974
-9278
7431
-5876
-5497
-5586
-9126
6621
-9151
8711
-4180
6254
-4743
8800
-6612
-455
8123
2490
-166
1269
-5009
-6867
-4632
-6381
6311
7458
7183
-5065
-6965
-6487
-4249
5061
1474
2496
-157
-7076
-3547
-6806
-8094
-166
2347
-9641
-4284
4939
789
5284
2859
8474
8011
-9687
6314
6234
181
206
4774
-6508
1203
-2396
-5692
-8111
2791
-5059
6096
29
-6544
2376
-3746
8987
-6399
9444
9369
9446
-1015
-7596
-2970
-2898
-4125
-4445
-1888
-844
6174
-9326
1692
1005
8633
6776
8633
8837
9874
-3639
7147
7069
-6395
-7300
-568
-163
9349
-9940
-6111
9366
8925
3676
3388
-7336
-670
7097
-9175
9261
3116
7280
4572
3104
7077
-8558
8231
-5196
-8193
-8704
7787
-6385
-4780
-2783
8911
-3199
883
-5946
-2342
1235
3638
-7433
9995
8713
9561
-1175
9343
5171
1353
1758
-7071
-9337
-5665
2511
-1692
-6781
-8762
-8079
9517
7613
3962
-7170
4428
9069
928
9586
-6918
2432
-9382
3360
-5119
-3380
8101
-4639
2025
-3077
-7529
-443
8610
-3805
1408
-4574
1856
-3516
4479
1243
6047
4453
-5057
7941
-6091
9759
-6758
7862
729
9784
-5213
1777
8559
-5321
8508
6637
8166
9343
4354
6079
7996
4014
8143
-8799
8153
-3772
-8153
-7154
9128
-2306
-8573
2060
-2729
-9080
1999
-527
6622
-5731
-5278
-5337
-8508
9033
-8128
3778
-3564
6955
-4903
-7589
8525
8175
525
4170
-7639
2855
9562
9055
-4704
-654
-4167
-9061
-2145
-816
-5104
1350
-2332
-8286
-971
-1368
-2635
-6864
3940
9007
5427
3474
-5437
2245
-5595
8518
4582
-1999
-487
-4780
3880
2759
8796
-4863
-4541
-6885
7309
3331
-6156
-3031
-7450
6434
-8008
7700
2723
-1970
-5648
-5725
4960
-9137
179
3841
-8162
4707
-961
-8156
-3769
6694
-8346
6042
9634
3041
-4465
-7231
-4538
-1284
-1680
7592
8977
4020
2357
3408
-901
7746
1731
6682
3853
-911
-1082
-9422
583
8097
-963
6811
-4377
5750
8590
7497
-5497
-1510
-6072
7730
3327
2191
-672
-7923
8642
2439
-7510
2619
-3424
-8504
-8042
224
2791
-2992
1262
4807
4192
-7231
5086
-7996
-8717
-9806
241
331
-3106
6385
-1057
-2944
-2910
1256
-2051
7510
-7954
5183
-9387
-7126
3245
9739
8642
6144
2138
9599
-2337
1510
8744
4032
-1531
-9700
-9883
6221
8562
-8137
-5087
-6938
152
1189
-6902
-1079
5654
9783
2258
7752
3860
-1687
-315
9402
-6977
-3470
-7119
-5052
-1027
3448
-7454
-2864
-4000
-467
-5835
6317
-4209
6775
-7193
1345
8341
-9856
-2716
4774
-7477
5343
9000
5548
-4373
-6489
9421
-2907
110
-5783
-7310
-3879
734
8459
8100
-1783
-6756
-3646
5974
6740
-2974
3798
8720
-9649
-5337
-5037
5410
9709
-1870
105
-7516
1951
-8333
-8585
6106
6492
-3015
-8773
6988
5770
405
6581
-895
-5370
9196
7048
1544
7598
-1102
-3122
-2403
-2047
6606
-9545
-8350
3836
-1719
7141
-5650
-6780
-6040
-1324
8345
-3855
-881
4232
4501
179
3345
4861
-8069
-547
3019
-2817
8517
5362
27
7565
-6274
-9319
-5388
-41
4345
-9731
9324
1373
8733
480
6811
-668
-2613
2949
7653
2729
-7692
8699
-8055
-3339
-2480
5908
-9930
8679
7429
3617
6133
5171
4199
4323
6701
-6628
4017
6267
-9155
2266
4454
5537
-1389
8264
2034
-3029
4510
-7148
6697
1333
5056
-879
6227
89
-3738
-6727
9026
-261
5659
-2241
8308
4592
4809
8532
8545
1762
-6981
6474
5920
8965
-6528
302
704
-7973
5699
-4188
3656
-840
3001
-4599
-3883
6803
8547
-1764
-3914
2288
6466
-8361
3642
5678
9222
-1531
8777
1955
1251
8108
2009
4232
-2243
7455
-1769
-8522
-4130
6009
6723
-2900
-5110
-6476
1415
2451
-8476
8423
761
4184
693
3606
8483
-1488
5552
-4458
8426
3123
-1613
9613
7555
-1752
-1625
4667
470
-8064
-4202
7936
-9262
-7816
5829
-1058
8769
6955
-886
791
1486
-3821
-2201
1192
-9103
-5376
8837
-2068
-6591
-2543
1326
-9095
9901
-6191
3640
4547
-2267
9242
-9752
-5569
4237
-7896
6246
9388
-5085
3445
6744
4833
3891
4284
-528
-6651
-3768
5943
-1047
-7613
4886
-413
3325
-4953
-6500
-5668
-1014
-290
-360
6042
-6049
-365
-4734
-8256
-4885
-9698
-6233
-3121
6741
-1972
7002
6782
-3367
-1386
-3330
8476
-6952
7079
-1957
-8712
1044
6410
-9166
6758
4769
6972
-3529
-745
-8084
-8741
9950
6923
5386
-8798
-3116
1419
110
-4674
-2169
-2761
-1729
-8201
9809
4932
-1252
-5907
596
6381
-6757
-3032
-5421
-202
-3922
5177
4456
2875
253
-1018
-3299
5679
8708
-5896
-9591
-4955
7425
7652
-325
2107
2264
-8364
6467
-283
374
5596
-9055
2283
8016
467
-8086
-1504
2022
808
9245
-3388
8859
-8469
3657
-181
6079
-7873
-9655
-7317
3737
1858
9321
-3665
1948
7182
-3256
1039
2396
1977
4742
-6067
8929
9895
5967
-6532
-8239
-8436
3747
8577
6165
3447
-8336
-3679
-9891
551
1025
5173
3350
9416
-7585
3005
-7398
9423
-7002
6957
8778
-7487
-339
4322
-1179
-964
8900
-9829
-4214
9109
-5838
-8464
9320
-8433
7734
1299
-4622
8759
8902
-6530
7610
6705
-2322
7390
-1584
9170
-4381
-2618
1732
3337
-8549
5155
7608
-9754
3350
6872
1892
-4054
3991
8023
2382
-6974
-8077
2840
-4810
1855
-8949
-866
-6733
-5120
6496
3491
-4073
2149
-8665
742
587
8954
1691
6787
-8299
-265
1760
-815
-3591
4093
-7619
-2447
5436
1698
5567
-5447
-3810
8541
-8937
371
-5736
-1978
-2850
-854
-6523
6813
-2390
-2340
8681
4747
-837
-1385
-8353
3996
939
-6160
2716
8299
6980
-1893
-2547
2283
3489
-2468
2174
832
-1246
3686
-2980
-5160
6173
2851
-8172
-4566
4667
7876
654
7933
5008
9333
1898
2368
4839
-1832
7993
9629
5511
-5211
2133
-9019
4945
8909
-4698
-2859
9262
-8745
-9438
3314
4214
4730
-9496
-8293
2084
5785
-5359
9315
9162
-3909
4194
-5015
-7716
4700
4807
-5155
-213
3311
-2100
-8078
6332
-149
-3728
-3717
235
-5117
-9694
-3922
3393
2369
-8365
-8524
5534
-4264
-1424
2795
6522
8855
273
-4599
7576
-9650
-242
2207
1906
7088
4020
-7815
-109
3327
888
-1738
-5957
-1907
-9330
-686
4502
-6535
-6791
7248
-9390
9481
4835
-8185
5858
8148
9177
458
-597
8982
-1375
-3533
8600
9884
5461
9902
7649
-9614
7273
-8133
-2393
-7093
-2431
-4105
2167
-2416
-5324
-3713
-4354
-5837
-9981
-2878
-6998
2921
-7093
4784
7685
-7274
4369
5928
-3111
-4246
9579
2555
-5919
-8449
1611
6524
-9867
-4934
3113
-8458
9989
862
496
9650
-9850
6087
1646
5281
-6363
4621
-4874
4286
8001
-3934
293
8192
1591
6689
2490
8762
-6359
-6391
8072
202
2900
4555
-561
-3611
-6587
-4434
-693
-8822
-4155
5969
7152
-9446
5652
-3310
-2523
-7304
6517
-8163
-5103
-7309
5171
5161
8483
1206
-9610
4521
8988
-8002
4958
2102
-7237
-9204
238
-9004
-2670
-9671
-9882
-5507
6233
-4201
-2248
-6999
3707
5972
8616
7225
1370
9020
-8601
2195
6595
7087
-6999
1636
-2818
1363
-7473
9599
-2890
-9764
2850
-9891
4399
-8113
893
-7550
-743
4953
7951
7412
1917
5092
-3948
-7580
8325
-6096
-2674
3187
7385
6639
-7172
7251
-6171
-2129
5046
7563
-5202
4697
601
-6863
6973
-9234
-2622
1544
2487
-490
-9000
9040
4864
-3566
-6654
5861
4033
5394
-7246
-8514
-1887
-4927
-1453
2538
8921
-9187
534
812
-3729
-5196
5807
5415
-1431
7779
-1405
2706
-1739
-2363
2822
6374
241
155
2798
-5533
1051
-1734
7910
6367
6082
2491
9301
-7307
-1237
344
8694
3289
7637
6095
-5052
218
-5160
6041
-6904
3409
-1665
-85
1219
-3638
4505
7512
-4024
1030
-2029
6183
1898
4069
-1757
3560
1792
-1482
-1876
-5744
-9547
-1842
7998
-6309
-1107
5716
-5849
-3579
9526
-1513
-6662
-182
9741
8171
-5381
6476
532
6790
8722
9802
-6243
-6405
2806
-6954
4420
8544
-5461
-8474
-9288
-2857
-4348
4156
6070
8016
6044
-515
-6176
4940
-7391
-341
-797
-3417
4596
-1020
7161
-1065
3390
-9455
-2046
-672
6170
-3041
5118
-6611
5093
-4774
3936
-1875
5504
2579
-3935
3932
6956
183
-7977
-8969
4102
-3481
1606
2842
2100
-7374
-2940
-1111
-3528
2485
8139
-2002
-9968
4178
1697
8118
6475
273
9549
1035
8642
-1960
-2199
9151
383
-9448
9953
837
-1943
9330
-6490
-7587
6251
8831
-3895
-7744
-4179
-6429
-5750
9635
4400
3337
8343
-792
-4355
-3883
-2689
3940
7399
5193
3237
-1978
7890
470
4342
1249
-8725
965
1669
-4462
7387
8046
-4350
-1573
-9366
-9618
-4455
-4661
-7276
-8901
-6290
7068
-8363
2423
5308
-5981
-1439
1553
5061
9299
-2674
2332
-1074
-2895
689
-2985
-3148
8713
-8308
132
-9725
4430
7790
232
-2156
-6579
7516
-1260
7255
-2872
-6024
-963
4431
2732
-3013
6613
8658
74
-4147
-6937
9079
-3342
7984
-2823
3059
-4002
-9400
-2143
-7082
-4911
-2073
-8742
6050
-3522
-9737
-7272
-5673
6709
-1565
2975
-1129
628
-1673
-8704
8148
3614
8893
5749
3677
-5133
543
6757
2685
-4376
-5780
4418
-3407
4051
-4935
-5574
2289
5073
9324
7233
5261
52
8011
2645
-8619
-2985
3219
2700
-4353
184
-8963
-3560
-4560
1670
7009
-3769
-3555
-7113
3464
-4991
4713
2960
-6836
8828
3467
-6886
-5565
1728
9782
3574
-1198
3594
-272
8675
8426
2004
-3689
-564
8017
-5405
-2041
-8289
8249
8088
-2569
-8794
-8838
577
2067
4879
7285
-5370
-770
-7342
-2975
7801
-9939
-1029
4592
-7263
2113
2951
8094
-6819
-2345
-8761
-8190
-9717
4397
-3826
-8448
5704
-6980
900
9783
8290
4590
-298
4056
-2944
-7520
2263
-6598
7248
-5053
-5040
7557
6864
8246
-2505
8176
1927
4025
-3371
1265
660
2210
-4566
-7121
-4249
3086
-8521
1593
-2698
-7311
5816
-9366
-5619
-3615
8718
254
-9562
-26
-7708
9796
-4714
6425
5015
8489
4604
1234
4152
2432
5307
-7595
-2989
5839
-7369
6454
-9351
-9443
2085
-5969
-4845
9607
9193
-1213
-6870
-9211
-5877
7226
2035
-7928
-8253
-266
-9308
-8856
7219
-4843
3395
9223
5912
-2814
7915
-9673
-5073
-9646
-5804
-8077
4964
-9995
1789
-4770
5174
-2939
-3733
-3471
4998
-5824
-1182
-8421
3744
6116
-1604
8263
6044
-1936
9743
5480
-9230
6676
8820
459
-2897
3413
2310
3979
-5820
2736
8352
-9853
-6445
-667
-794
-9025
-309
3796
6317
-1345
2408
3556
5913
-4914
7527
-4609
-7209
-5729
-5294
-2987
-4220
-2141
5599
-7098
-8364
6335
6700
3250
-6386
-8077
6943
-4817
4679
8768
2006
6696
-2650
-8413
-7352
-1902
1450
4078
-7672
6353
-2819
-4413
7829
-1353
-9577
2435
-5714
4605
-4237
-7677
7479
-3798
-7507
7958
-3539
-4140
-7324
-8102
-2365
4944
9899
2442
-1447
2455
3970
6434
-2033
7779
-2036
8896
2338
8352
-2301
1028
-3246
-8814
1447
4624
-9147
-2003
38
-4029
-9289
-5102
2572
2981
9942
-3328
6032
-9373
9851
6919
-2639
-9043
8994
8166
9572
-3413
4443
-5866
-1897
-513
7835
4678
-1879
5151
-1073
9726
-8995
-2886
3810
5610
-309
2269
-7538
-5767
3181
-9547
495
-9872
-8838
-967
-9077
5427
-510
3000
4242
-5055
9867
-2613
-9607
-9055
6340
2780
-5550
9996
7437
-4568
-2448
-4083
8006
3443
-7630
5461
9277
-6754
6651
-7458
4261
4943
-9902
9566
3915
-6828
-7293
-5522
127
5313
-9682
1891
9134
7240
1238
-3862
-4082
-3982
9392
3441
-1696
9633
3367
1094
2055
-1693
3587
-6192
4727
5187
5194
7768
-2130
-1467
1864
-5395
-934
-5257
-5541
-3279
8805
-6064
-6566
9479
9558
-4021
-5002
8890
-8298
8993
-4972
-6592
-2462
7810
5109
9370
-1590
-2908
2328
-3742
-1812
-1082
-6608
5545
-9888
-2903
1474
9826
-444
-9181
-5951
9947
-6517
-6820
7957
3198
3467
7270
-6679
1782
303
6383
8397
4946
1537
3206
9693
56
-5957
-7259
3811
9299
-4878
2622
7209
-2919
6010
-7583
7924
-484
6283
6701
-9420
-5979
6083
-6331
-656
-3590
3196
-2816
3963
6642
5738
9490
8962
3867
8022
-1717
5832
921
-1145
-2752
-2645
1775
3514
6579
-602
7157
4510
-6411
-3255
-2078
9289
-8561
6157
6480
-6289
4690
-6225
-318
6394
-4959
7710
637
-414
-3137
3711
8299
-4474
-3818
6648
1055
-9341
-9792
-7520
-4067
-6850
4353
-2171
-5759
6450
-2977
1221
9495
-4046
3629
-108
-6427
2238
-7813
-3950
1343
-3208
3553
6755
-6659
5438
4361
-3135
9612
-3441
-3925
6739
-8645
-323
3529
2527
6370
266
159
-2029
7893
-1577
-2391
-1140
-1605
1676
9901
-8903
-1244
4700
2648
-6279
8629
2810
2819
1808
-6725
1645
-5086
1222
6378
2314
-3000
-6879
2866
-9834
7544
-2437
-8626
6869
-5568
-9371
243
-876
9033
-884
-912
3437
-848
-1471
-3046
2944
9178
-8476
1589
7352
-6836
1054
-7404
5448
-2324
9864
-232
5374
3687
8073
-4146
5767
8367
-4504
4671
3637
5872
9051
-3113
-6848
1855
5768
2512
-5615
3264
2797
-8269
-7252
-8971
5842
9123
4193
4836
-9917
-3476
-5003
8114
-5709
-9303
-3554
-2859
6296
-2136
7512
8011
9821
4533
-3304
-4674
-4789
-6629
-9897
-5007
6105
1498
-5965
2053
8136
9549
6563
2729
7298
-4468
2686
-4122
5181
-1031
-2844
-2149
-9398
-8250
3154
2769
-501
1097
-7003
-3846
-7049
-8877
5068
8070
-3070
-3091
9024
-2702
9531
-7973
-3301
855
-8870
5984
-2592
-2625
567
-1909
696
-3229
3946
5026
373
-3312
-4563
7343
436
-1819
-3063
8166
8458
226
-6428
-8697
6955
8116
-9622
115
6083
5060
2056
3222
3241
-2932
4046
498
5440
-6766
4417
2014
-2415
-248
-2445
4743
5940
9060
452
-9468
8806
-3444
8426
5418
-1906
-7321
-552
-7625
897
-888
5171
9847
-5430
-3450
5328
6742
9236
4032
1827
3560
9142
2272
-5379
-1033
-4932
894
2071
-8050
-6807
-4864
-6051
5662
-6379
2213
414
-4324
-5771
-1122
5419
7797
-731
-9132
6112
664
-2161
-768
9479
9313
4907
-121
-8397
5845
932
-7412
1561
-5834
-5284
7206
2635
-4989
-8856
2777
-8872
4406
-2705
-676
4612
-9978
-530
4655
-1015
-7519
-5601
7468
4173
7761
-4743
1202
-9311
-874
2313
-7004
-2484
9771
-6997
-7528
5211
-8948
-2451
-3062
4391
3970
-2131
7235
-4031
8242
-6515
9045
1952
-515
-5167
2862
6321
8829
5950
7154
362
1346
-8655
-9711
-273
-2378
-5866
-145
2481
-6992
-2920
81
-8746
3567
4655
4933
7988
-995
-8169
3435
983
2576
660
9786
734
-3262
7263
-1998
5235
8808
-4699
-4094
743
-7376
-5472
-924
2480
-6206
4345
-4870
2641
-5881
-4601
-4015
-4086
-9254
9333
9522
-8150
-1958
508
-9770
1286
-1433
-8132
-8989
8505
4793
5645
4878
-5158
4706
2552
-85
-7908
5499
3132
3731
576
5776
-9285
301
1656
-8171
1292
3818
4097
1238
3270
-7707
-5794
-5707
-66
1907
3355
-5927
-5287
-1160
-1181
-7914
5165
4462
-8669
-7190
9750
5660
492
9159
5310
-2409
7166
2295
7404
8573
-7706
7221
4541
-9700
-9356
-5721
6676
8916
-1908
-31
-1585
3856
-9997
-4271
-2252
4006
-8271
3358
-241
-8473
-7294
-1162
-6207
-734
5978
-522
9744
345
4550
9643
9804
3247
-6276
6458
-2681
3975
5847
6096
6605
3550
-2509
1102
-3355
767
4068
6559
7675
5045
803
-862
4533
-1783
7773
-5112
-4093
5366
5891
-4626
6634
-1532
2196
-1625
2274
-4378
-282
-8803
5746
-1510
-2169
-7768
-4363
1379
3106
1793
-1289
7035
540
-2235
5660
-6596
2696
8731
-6552
-6277
3043
-231
-3976
-2459
-2313
5445
2889
6257
-6251
-506
7831
5230
-2782
-3770
7728
-697
-126
8441
3491
-5104
7959
5265
57
-540
2194
-9952
-8859
-3910
322
-4381
3697
-8751
-9661
54
9396
-9533
-7434
9816
-5148
-4803
53
1380
-8032
-2827
5420
-3386
-6625
541
4894
-6699
-9188
5316
1966
-95
-2747
7142
-7584
-2784
9481
-2636
-79
2066
-8867
-1117
-8993
-4722
4089
3507
-377
-4191
9950
1242
-8297
130
-1074
-3061
4549
4512
6702
6732
533
1656
3794
2066
1922
3469
5565
4695
-7348
579
1922
3774
8045
1176
18
-9838
8677
602
-5415
-9639
6458
1832
5790
1584
-6669
8547
5872
4624
2579
4975
-2591
-3214
-3421
9985
1650
-4936
2245
8
6845
-6658
1232
-5100
5635
-6460
-1806
-5828
-8862
428
2601
-1408
-5223
-4107
4348
-1683
2834
-8361
3603
9477
223
6489
7185
6749
9678
-760
7362
-5393
4343
-5243
-8235
-5397
3526
-7169
-2945
-3084
-5572
-9660
1000
7112
1487
-9449
-8097
3838
-6831
-9317
-7477
4046
963
8340
9873
-6850
-6512
-9256
147
77
6706
7854
-6553
-5209
-5042
-9153
-6224
1936
4096
809
3064
-8731
6780
-5883
-4193
-9415
1518
-5971
-2638
-372
-6955
-4899
6074
-2654
4487
-4048
-5933
-6253
-1186
-3153
1203
-5958
8209
-7456
5679
-6574
9322
-8541
-4001
261
-7559
-2049
-2816
-8546
-154
6135
-8463
7326
1719
-450
-5313
-1669
-2519
-959
984
-822
-2495
-5666
-6493
-8280
9995
-2484
9142
7330
-937
-7534
-4948
1752
2707
-6734
6243
6438
-278
6811
1564
4514
-6604
9825
-6020
-1410
1182
4736
-8788
-5329
-8107
1382
-3187
6317
-7643
2286
-1850
1364
-6827
6904
-7739
-7263
-4714
-8580
-2436
8800
10
-167
5483
-3501
-9416
-3667
-4321
-4212
7776
-8995
-1105
-4969
1811
5813
9796
-7909
4824
-5849
-3915
6329
-1528
-4838
3172
3527
9181
2753
-253
-4887
-6432
-51
7720
-7098
2096
9824
581
9518
-9851
-473
9584
1462
-3430
-1059
6427
-3801
-8834
-4535
3491
-6937
-6565
-537
-4214
-5984
7960
-585
-6760
-6616
-8391
8769
-6450
7181
3298
-504
-3788
6349
-8616
-8944
-5432
-883
65
387
-4510
7904
-4765
3846
9444
6910
6056
6899
2640
-5339
3594
