759
60
518
570
775
903
-451
475
-141
828
174
-720
380
441
-623
-544
-878
-729
-629
846
-630
-266
-626
520
346
-672
311
-518
964
230
-6
-129
-38
463
-242
809
705
502
944
761
694
-414
618
-259
-679
161
67
638
71
-1000
362
275
-373
800
753
819
870
740
-287
502
-220
247
735
44
662
-464
-867
-226
-951
180
-482
-546
-154
519
-191
-218
107
108
-811
293
32
134
515
539
-99
-431
-43
-719
931
-796
969
-219
294
-54
417
-681
960
510
553
31
267
-158
184
33
817
-853
526
877
-288
605
701
862
212
609
-993
74
-366
951
-815
-991
417
695
-794
-423
-838
407
98
510
824
798
644
41
36
-609
174
927
685
-756
-577
289
495
538
-741
-254
-204
451
-170
997
982
312
-766
-687
833
335
-201
385
858
464
-697
-612
-820
-323
-558
-580
116
53
958
299
12
-592
730
-935
-232
-854
-257
997
-540
-898
291
-359
-762
231
-813
475
373
-445
-623
712
-335
925
-997
-551
9
10
511
-29
-575
-312
534
552
988
-465
901
498
-50
-867
703
-749
618
96
-149
804
-132
575
-434
-679
851
-425
-518
196
-952
-964
-548
55
733
170
-183
-736
483
-606
640
-82
591
669
-769
776
-845
-912
-15
941
896
-250
475
-330
-581
333
-248
-442
-54
-343
-849
986
-143
283
779
668
-647
-791
285
77
240
348
-186
300
481
204
-177
371
224
666
-312
-818
-263
-196
250
689
-470
-839
-600
204
300
111
-766
-945
-239
531
396
-599
-472
87
-432
334
-311
-179
654
-173
-235
-246
921
739
963
748
-470
486
-122
13
-743
602
-45
-710
-476
472
953
910
628
-558
996
528
-740
261
928
21
-24
918
443
236
-592
535
-858
127
-586
-682
712
-922
-772
982
-16
-382
856
-773
-728
992
518
152
-831
-722
-647
-958
320
-11
-336
-804
157
11
823
-658
548
-353
-870
-720
622
-682
-125
-739
-473
-41
514
-383
89
871
-789
-368
879
-654
503
-412
-735
443
-668
-358
-541
238
877
-556
-66
838
-528
561
-955
-156
677
-885
775
-618
-632
209
-413
-788
287
-298
765
633
236
92
-634
825
-639
121
-509
-590
-494
838
-633
-780
-141
847
-903
176
-517
174
-796
-474
-842
844
-350
73
670
734
247
-176
875
311
906
-657
-941
-102
816
792
-836
-410
8
-525
-78
525
-128
-56
785
-89
431
-541
-624
-6
-172
-153
-115
-204
-289
824
679
-931
689
354
-496
-76
-524
-682
-34
-21
850
-684
993
-170
-33
-58
-579
-355
256
-718
749
583
-54
136
198
317
-328
218
-592
58
-392
-703
-911
120
643
40
125
339
-419
-500
-284
-605
-532
-765
-940
-386
-190
853
-806
-148
954
-284
-451
-205
323
-495
171
689
825
-320
-202
-368
-227
422
-658
821
-65
501
-855
73
556
997
469
238
485
-552
186
421
-381
29
-467
-832
-781
541
331
580
398
-790
-741
78
876
-312
245
755
-674
553
-382
-168
-85
-994
27
-357
-154
-60
-737
517
-629
-622
976
-540
-165
939
516
-514
486
-768
-606
25
-707
304
-550
370
830
-943
317
603
277
-305
753
699
-915
544
863
665
995
-759
991
-522
394
-937
668
448
-780
-907
406
168
-872
932
275
-995
545
-974
-236
-653
469
-224
930
626
-58
607
988
173
1
-226
451
757
997
365
-659
-660
-331
-177
-197
-928
621
962
-898
860
341
499
-252
-204
896
-586
94
307
-404
-743
-556
-140
162
-391
450
-797
452
-304
-30
868
-831
837
713
226
298
-958
284
260
-93
-766
-876
-568
76
812
-46
-502
776
103
-445
-842
-510
988
297
734
-192
651
-395
-541
937
-482
549
261
-449
952
865
-273
839
516
786
753
-642
-768
444
-13
-844
-78
952
-713
221
873
911
21
-638
674
542
381
-852
-976
141
-935
-779
653
-427
-338
-21
996
427
780
-165
-220
632
310
375
-804
-686
465
-297
-816
655
258
156
-952
-693
-42
424
394
299
-497
18
-435
235
-687
-106
863
-418
346
902
149
-293
850
309
508
350
-882
-444
160
677
477
324
-503
519
866
-370
339
211
-744
880
-595
296
808
-259
-3
9
-875
-560
256
-518
-186
476
197
-396
-914
967
778
801
747
457
632
-832
-809
213
-169
-625
948
-156
-390
857
461
190
19
-450
-126
-1000
887
-757
608
728
94
-773
-43
588
-499
813
280
-793
936
22
-173
-541
-870
-9
349
92
926
779
-440
39
-420
477
817
113
-928
495
-823
-415
-320
-30
-657
-696
396
-534
742
-785
116
86
878
536
-202
711
-231
716
-427
-381
-612
32
186
674
952
927
-86
-727
121
-678
787
112
-49
770
-583
521
-150
-482
61
581
-803
-638
-852
-64
-261
554
-882
523
-918
550
102
-397
171
-55
226
-294
945
217
886
292
-893
939
-951
101
868
294
-542
357
-871
529
-984
163
-681
363
529
-930
252
-102
267
839
-679
-57
-989
655
-936
996
308
-632
934
-828
615
-733
112
-376
618
-428
276
-503
17
-443
-569
429
-104
276
-620
520
-15
469
-997
-97
692
-960
553
612
-409
-390
633
-180
318
-726
-261
-537
33
-455
432
-213
302
967
440
463
569
-474
-694
408
-333
-809
174
-257
-397
913
-114
-682
-364
204
568
491
683
149
-578
-5
-877
-303
-251
317
-141
-255
-944
190
-150
964
532
